1 0 0 M 2 2 0 0 1 1 1 0 1 1 0 0 1 0 1 2 0 1 0 1
2 0 0 F 1 1 1 1 2 0 1 0 2 2 0 1 0 1 1 1 0 0 0 0
3 0 0 M 1 2 1 0 2 0 1 1 2 2 0 1 2 0 2 2 0 0 1 0
4 0 0 F 1 1 0 0 2 0 2 2 2 2 1 1 0 1 0 2 1 0 1 0
5 1 2 F 1 1 1 1 1 0 2 0 1 2 0 0 0 1 1 2 0 0 0 1
6 3 4 M 2 1 0 0 2 0 1 1 2 2 0 1 1 1 1 2 0 0 2 0
7 6 5 M 2 1 0 0 1 0 2 1 1 2 0 1 0 1 1 2 0 0 1 1
8 0 5 F 2 2 0 0 1 0 2 1 1 2 0 0 1 0 2 1 0 0 0 1
9 3 8 M 2 2 0 0 1 0 2 2 2 2 0 1 2 0 2 1 0 0 0 0
10 3 8 F 1 2 0 0 2 0 2 2 2 2 0 1 2 0 2 1 0 0 0 0
11 6 8 F 2 1 0 0 1 0 1 0 1 2 0 0 1 0 2 1 0 0 1 0
12 6 8 F 2 1 0 0 1 0 2 1 1 2 0 1 0 1 1 2 0 0 1 1
13 7 10 M 2 1 0 0 2 0 2 2 2 2 0 1 1 1 1 1 0 0 1 0
14 9 12 M 2 1 0 0 1 0 2 2 2 2 0 1 1 0 2 1 0 0 0 1
15 7 11 M 2 1 0 0 0 0 2 0 1 2 0 0 0 0 2 1 0 0 0 1
